117110101
117101103
117102100
117103103
117105100
117109100
117106100
117100100
117107101
117111100
117112100
117113100
199104100
199103100
199101102
199100101
199105100
199106100
221103100
221102100
221101100
221100100
221104100
209103100
209102100
209100100
209104100
209107100
101101101
101100101
120125116
120101101
120103120
120121107
120104105
120123101
120105109
120122110
120119271
120120113
120124347
120118108
120106106
120140101
120117141
120139101
120108108
120126101
120100119
120128100
120110118
120129101
120130102
120111122
120131109
120112221
120132109
120133108
120134105
120136156
120138105
120127106
118112124
118116220
118115166
118113113
118118100
118111104
118109110
118108110
118117104
118105103
118100100
118119100
118120100
150103114
150100114
128101101
128100100
128102100
143104100
143101100
143100100
143102100
143103103
143105100
234100100
234101100
234102101
234103101
234104101
234105101
234106101
129103100
129102100
129101102
129104100
137105100
137108101
137101101
137102100
137103101
137109100
137104100
137107100
137110100
137111100
137112100
161100100
161101100
187105100
187104101
187103101
187102103
187101100
187100100
187106100
187107100
187108100
187109100
138100100
210105100
210104100
210103100
210102100
210101100
210100100
210106100
229100101
229101100
229104100
229102100
229103100
229105100
229106100
229107100
229108100
229109100
229110100
119103118
119102107
119101100
119104100
119100102
106105100
106100100
106104100
106101100
106106100
106107100
106108100
106109100
108106100
108100100
108101100
108102100
108103100
108104100
108105101
108108100
108107100
108109100
108110100
114113100
114112101
114111100
114110100
114109100
114108100
114107100
114105100
114104100
114103100
114102100
114101100
114100100
114114100
114115100
114116100
114117100
114118100
115100100
115104100
115103101
115102100
115101100
159102100
159101100
159100100
159103100
121101100
121102100
121111100
121100100
121117102
121112100
121113100
121114100
121115100
121109100
121116100
121118100
121119100
121120100
121121100
121122100
186105101
186104100
186103100
186102101
186101100
186100100
186106100
186107100
186108100
186109100
186110100
186111100
200105103
200104101
200103102
200102100
200101100
200100100
200106100
227100100
227101100
227102100
116100100
134100100
134101103
134102100
134103100
134104100
134105100
134107100
134108100
232100100
162101100
162102100
162100100
162103100
162104100
225100100
225101100
225102100
225103100
225104100
225105100
225106100
225107100
225108100
225109100
225110100
225111100
144100100
144101100
144102100
144103100
174100100
174111100
174112100
174113100
174114100
174117100
174119100
174120100
174121100
174122102
174123100
174124100
174125100
174126102
174127109
174128101
174129101
174130101
174131101
174133100
174135101
174136102
174137103
174138100
174139100
174140100
174141100
174142100
174143100
174144100
174145100
174146100
195100100
195101100
201100100
201101100
201102100
201103100
201104100
201105100
201106100
201107100
201108100
171103100
171101100
171100100
171102100
205104100
205105100
205103100
205102101
205101100
205100100
205106101
205107100
109100100
109101100
109103101
109104100
158100100
158101100
158102100
158103100
163108102
163107100
163104100
163102100
163105100
163100100
163111100
163112100
163109101
163110100
163113100
163115100
163116100
163117100
163118100
204104100
204103100
204101100
204100100
204105100
216101100
216100100
223100100
127100101
127101100
127102100
145104100
145103101
145102100
145101100
145100100
145105100
145106100
145107100
146103100
146101101
146100100
146104100
146102100
146105100
146106100
146107100
165100100
165102100
165101101
153104100
153103100
153102101
153101100
153100100
153106100
153107100
153108100
154101100
154100100
154102100
155100100
155107100
155106100
155105100
155104100
155103100
155102100
155101100
155108100
202104101
202103100
202102100
202101100
202100100
202105100
202106100
151100100
151106100
151105100
151104100
151103100
151102100
151101100
151107100
151108100
151109100
224109100
224108100
224105100
224107100
224104100
224100100
224111100
224110100
224112100
224101100
224103100
224106100
224113100
224114100
224115100
224116100
156101102
156108100
156102100
156100100
156103100
156109100
156104100
156106100
156107100
156105100
156110101
156111100
157106100
157105100
157100100
157103100
157104100
157107101
157108100
166104100
166103100
166102100
166101100
166100100
236100100
236101100
236102100
236103100
236104100
226100100
211104100
211103100
211101100
211100100
211105100
175106100
175100101
175107100
175102104
175103100
175104101
175105100
175108100
175109100
102101100
102100100
135100100
167102100
167101100
167100100
167103101
167104100
167105100
167106100
170104100
170103100
170102101
170101100
170100101
170105100
188100101
107102100
107101100
107100100
111100101
111103100
111102100
111101100
176101100
176100100
176102100
139101100
139104100
139102100
139100100
139105100
243101100
220102100
220101100
220100100
220104100
220105100
168101100
168102100
168104100
168100100
168103101
168105100
168106100
214102102
214103100
214101100
214100100
214104100
214105100
212100100
212101100
160103100
160102100
160101100
160100100
160104100
173101100
173100100
173102100
213101100
213100100
207102100
207101100
207100100
112101100
112100100
112102100
177102100
177101100
177103100
177100100
177104101
177105100
203101100
203100100
203102100
203103100
203104100
203105100
203106100
203107100
203108100
190100100
190102100
190101100
190103100
208103100
208102100
208101100
208100100
208104100
215100100
215101100
228100100
228101100
228102100
123105100
123104102
123103102
123102100
123101100
123100100
123106101
178103101
178101100
178100100
231100100
133101100
133106100
133104100
133102100
133100101
133103100
133105100
133107100
133108100
133109100
147105100
147104101
147103100
147102100
147101100
147100100
147106100
147107100
147108100
147109100
147110100
147111100
172101100
172102101
172103100
172104100
172110100
172112100
172109101
172100100
172105100
172106100
172107100
172111100
172108100
172113100
172114100
172116100
172117100
172118100
172119100
172120100
130101100
130109103
130102100
130100101
130103100
130108101
130104100
130105100
130106100
130107100
130110100
179107100
179101100
179103100
179102101
179100100
179106100
179104100
179105100
179108100
179109100
179110100
218107100
218106100
218105100
218104100
218103100
218102100
218101100
218100100
218108100
218109100
218110100
191101100
191100100
191102100
191103100
233100100
233101100
180101100
180102100
180103100
180104100
180106101
180105100
180100100
180107100
180108100
136103100
136104100
136100101
136106100
136107100
124102100
124101100
124100100
124103100
185102100
185100100
185103100
181101101
181104100
181102101
181100100
181103100
181105100
181106100
183101100
183100100
230100100
192101101
192102100
192103100
192104100
192100100
192105100
194100100
194102100
194101100
194103100
194104100
238100100
238101100
238102100
238103100
238104100
113101100
113100100
184101101
184102100
184105100
184100100
184106100
126100100
126106100
126101100
126102100
126103100
126104107
126105100
125101100
125100100
193100100
193101100
193102100
193103100
193104100
193105100
193106100
193107100
193108100
193109100
242100100
104100101
104105100
104104100
104103100
104102101
104101101
104106100
104107100
104108100
104109100
104110100
104111100
148110104
148109100
148108100
148107100
148106100
148105100
148104100
148103101
148102100
148101100
148100100
148111100
148112100
148113100
148114100
148115100
169100100
169101100
169102100
169103100
169104100
169105100
189104100
189103100
189102101
189101101
189100100
189105100
132107100
132100100
132106100
132105100
132104101
132103100
132102100
132101101
132108100
140101100
140102100
140105100
140103101
140100100
140104100
197101101
197100101
197100100
197103100
197104101
197105100
198103101
198102100
182101100
182100100
182103100
182102100
182104100
222101100
222100100
222102100
222103100
196103100
196100100
196105100
196104100
196106100
235100100
235101100
235102100
235103100
217102100
217101100
217100101
217103100
219102100
219101100
219100101
219103100
219104100
219105100
152102104
152101100
152100101
152103100
152104100
117110 117101 117102 117103 117105 117109 117106 117100 117107 117111 117112 117113 199104 199103 199101 199100 199105 199106 221103 221102 221101 221100 221104 209103 209102 209100 209104 209107 101101 101100 120125 120101 120103 120121 120104 120123 120105 120122 120119 120120 120124 120118 120106 120140 120117 120139 120108 120126 120100 120128 120110 120129 120130 120111 120131 120112 120132 120133 120134 120136 120138 120127 118112 118116 118115 118113 118118 118111 118109 118108 118117 118105 118100 118119 118120 150103 150100 128101 128100 128102 143104 143101 143100 143102 143103 143105 234100 234101 234102 234103 234104 234105 234106 129103 129102 129101 129104 137105 137108 137101 137102 137103 137109 137104 137107 137110 137111 137112 161100 161101 187105 187104 187103 187102 187101 187100 187106 187107 187108 187109 138100 210105 210104 210103 210102 210101 210100 210106 229100 229101 229104 229102 229103 229105 229106 229107 229108 229109 229110 119103 119102 119101 119104 119100 106105 106100 106104 106101 106106 106107 106108 106109 108106 108100 108101 108102 108103 108104 108105 108108 108107 108109 108110 114113 114112 114111 114110 114109 114108 114107 114105 114104 114103 114102 114101 114100 114114 114115 114116 114117 114118 115100 115104 115103 115102 115101 159102 159101 159100 159103 121101 121102 121111 121100 121117 121112 121113 121114 121115 121109 121116 121118 121119 121120 121121 121122 186105 186104 186103 186102 186101 186100 186106 186107 186108 186109 186110 186111 200105 200104 200103 200102 200101 200100 200106 227100 227101 227102 116100 134100 134101 134102 134103 134104 134105 134107 134108 232100 162101 162102 162100 162103 162104 225100 225101 225102 225103 225104 225105 225106 225107 225108 225109 225110 225111 144100 144101 144102 144103 174100 174111 174112 174113 174114 174117 174119 174120 174121 174122 174123 174124 174125 174126 174127 174128 174129 174130 174131 174133 174135 174136 174137 174138 174139 174140 174141 174142 174143 174144 174145 174146 195100 195101 201100 201101 201102 201103 201104 201105 201106 201107 201108 171103 171101 171100 171102 205104 205105 205103 205102 205101 205100 205106 205107 109100 109101 109103 109104 158100 158101 158102 158103 163108 163107 163104 163102 163105 163100 163111 163112 163109 163110 163113 163115 163116 163117 163118 204104 204103 204101 204100 204105 216101 216100 223100 127100 127101 127102 145104 145103 145102 145101 145100 145105 145106 145107 146103 146101 146100 146104 146102 146105 146106 146107 165100 165102 165101 153104 153103 153102 153101 153100 153106 153107 153108 154101 154100 154102 155100 155107 155106 155105 155104 155103 155102 155101 155108 202104 202103 202102 202101 202100 202105 202106 151100 151106 151105 151104 151103 151102 151101 151107 151108 151109 224109 224108 224105 224107 224104 224100 224111 224110 224112 224101 224103 224106 224113 224114 224115 224116 156101 156108 156102 156100 156103 156109 156104 156106 156107 156105 156110 156111 157106 157105 157100 157103 157104 157107 157108 166104 166103 166102 166101 166100 236100 236101 236102 236103 236104 226100 211104 211103 211101 211100 211105 175106 175100 175107 175102 175103 175104 175105 175108 175109 102101 102100 135100 167102 167101 167100 167103 167104 167105 167106 170104 170103 170102 170101 170100 170105 188100 107102 107101 107100 111100 111103 111102 111101 176101 176100 176102 139101 139104 139102 139100 139105 243101 220102 220101 220100 220104 220105 168101 168102 168104 168100 168103 168105 168106 214102 214103 214101 214100 214104 214105 212100 212101 160103 160102 160101 160100 160104 173101 173100 173102 213101 213100 207102 207101 207100 112101 112100 112102 177102 177101 177103 177100 177104 177105 203101 203100 203102 203103 203104 203105 203106 203107 203108 190100 190102 190101 190103 208103 208102 208101 208100 208104 215100 215101 228100 228101 228102 123105 123104 123103 123102 123101 123100 123106 178103 178101 178100 231100 133101 133106 133104 133102 133100 133103 133105 133107 133108 133109 147105 147104 147103 147102 147101 147100 147106 147107 147108 147109 147110 147111 172101 172102 172103 172104 172110 172112 172109 172100 172105 172106 172107 172111 172108 172113 172114 172116 172117 172118 172119 172120 130101 130109 130102 130100 130103 130108 130104 130105 130106 130107 130110 179107 179101 179103 179102 179100 179106 179104 179105 179108 179109 179110 218107 218106 218105 218104 218103 218102 218101 218100 218108 218109 218110 191101 191100 191102 191103 233100 233101 180101 180102 180103 180104 180106 180105 180100 180107 180108 136103 136104 136100 136106 136107 124102 124101 124100 124103 185102 185100 185103 181101 181104 181102 181100 181103 181105 181106 183101 183100 230100 192101 192102 192103 192104 192100 192105 194100 194102 194101 194103 194104 238100 238101 238102 238103 238104 113101 113100 184101 184102 184105 184100 184106 126100 126106 126101 126102 126103 126104 126105 125101 125100 193100 193101 193102 193103 193104 193105 193106 193107 193108 193109 242100 104100 104105 104104 104103 104102 104101 104106 104107 104108 104109 104110 104111 148110 148109 148108 148107 148106 148105 148104 148103 148102 148101 148100 148111 148112 148113 148114 148115 169100 169101 169102 169103 169104 169105 189104 189103 189102 189101 189100 189105 132107 132100 132106 132105 132104 132103 132102 132101 132108 140101 140102 140105 140103 140100 140104 197101 197100 197100 197103 197104 197105 198103 198102 182101 182100 182103 182102 182104 222101 222100 222102 222103 196103 196100 196105 196104 196106 235100 235101 235102 235103 217102 217101 217100 217103 219102 219101 219100 219103 219104 219105 152102 152101 152100 152103 152104
